[0m             [38;2;85;85;170m▁[38;2;123;123;245m▂[7m[38;2;116;116;231m▀[0m[38;2;121;121;242m▅[38;2;122;122;244m▆[7m[38;2;121;121;241m▔[38;2;126;126;251m▔[38;2;127;127;254m▔[38;2;128;128;255m▔▔[38;2;127;127;254m▔[38;2;126;126;252m▔[38;2;122;122;243m▔[0m[38;2;124;124;247m▆▅[7m[38;2;119;119;237m▀[0m[38;2;107;107;214m▃[38;2;96;96;192m▁[0m             [0m
          [38;2;103;103;207m▃[38;2;119;119;238m▅[7m[38;2;122;122;243m▔[0m[38;2;125;125;251;48;2;128;128;255m▔[0m[38;2;128;128;255m████████████████[38;2;127;127;254;48;2;128;128;255m▔[0m[7m[38;2;123;123;247m▔[0m[38;2;122;122;244m▅[38;2;109;109;219m▃[0m          [0m
       [38;2;83;83;167m▂[38;2;116;116;232m▅[38;2;81;81;163;48;2;127;127;253m▔[0m[38;2;128;128;255m████████████████████████[38;2;101;101;203;48;2;127;127;254m▔[0m[38;2;121;121;242m▅[38;2;97;97;195m▂[0m       [0m
     [38;2;83;83;167m▗[38;2;122;122;245m▅[38;2;126;126;252;48;2;128;128;255m▔[0m[38;2;128;128;255m████████[38;2;127;128;254;48;2;128;128;255m▁[38;2;133;128;252;48;2;128;128;254m▁[38;2;134;128;252;48;2;127;128;254m▂▃[38;2;135;128;252;48;2;128;128;254m▃▃▃▃[38;2;134;128;252;48;2;127;128;254m▃▂[38;2;133;128;252;48;2;128;128;254m▁[38;2;128;128;254;48;2;128;128;255m▁[0m[38;2;128;128;255m████████[38;2;127;127;254;48;2;128;128;255m▔[0m[38;2;119;119;238m▆[38;2;97;97;194m▖[0m     [0m
    [7m[38;2;113;113;226m▀[0m[38;2;119;119;237;48;2;127;127;254m▔[0m[38;2;128;128;255m███████[38;2;132;128;252;48;2;128;128;254m▁[38;2;128;128;254;48;2;133;128;252m▀[38;2;134;128;252;48;2;128;128;254m▆[38;2;131;128;253;48;2;134;128;252m▔[0m[38;2;135;128;252m██████████[48;2;133;128;252m▆[38;2;134;128;252;48;2;128;128;254m▆[38;2;128;128;254;48;2;134;128;252m▀[38;2;132;128;252;48;2;128;128;254m▂[38;2;128;128;254;48;2;128;128;255m▏[0m[38;2;128;128;255m██████[38;2;125;125;250;48;2;127;127;254m▔[0m[7m[38;2;107;107;214m▝[0m    [0m
   [7m[38;2;124;124;248m▘[0m[38;2;128;128;255m██████[38;2;127;128;254;48;2;128;128;255m▁[38;2;132;128;252;48;2;128;128;254m▃[38;2;151;145;252;48;2;132;128;252m▁[38;2;231;228;253;48;2;140;133;252m▂[38;2;135;128;252;48;2;232;230;253m▀[38;2;145;139;252;48;2;243;241;254m▀[38;2;148;142;252m▀[38;2;137;130;252;48;2;240;238;253m▀[38;2;231;229;253;48;2;136;130;252m▃[38;2;187;182;252;48;2;137;130;252m▁[0m[38;2;135;128;252m██████[38;2;189;185;252;48;2;136;129;252m▂[38;2;135;128;252;48;2;216;213;253m▀[38;2;145;139;252;48;2;195;191;252m▀[38;2;227;224;253;48;2;143;136;252m▖[0m[38;2;135;128;252m█[38;2;134;128;252;48;2;129;128;253m▆[38;2;133;128;252;48;2;128;128;254m▃[38;2;127;128;254;48;2;128;128;255m▁[0m[38;2;128;128;255m██████[7m[38;2;127;127;253m▝[0m[38;2;77;77;154m▖[0m  [0m
  [7m[38;2;127;127;253m▘[0m[38;2;128;128;255m██████[38;2;131;128;253;48;2;128;128;254m▗[38;2;129;128;254;48;2;134;128;252m▘[38;2;197;194;252;48;2;135;128;252m▗[38;2;194;189;253;48;2;240;238;253m▘[38;2;154;148;252;48;2;242;240;253m▁[38;2;149;142;252m▂[38;2;150;144;252;48;2;243;241;254m▃[38;2;135;128;252;48;2;232;230;253m▃[38;2;234;232;253;48;2;135;128;252m▀[38;2;132;128;252;48;2;235;233;253m▅[38;2;183;179;253;48;2;227;224;253m▎[38;2;233;231;253;48;2;141;137;252m▖[38;2;134;128;252;48;2;128;128;255m▀▀[38;2;149;147;253;48;2;131;128;253m▁[38;2;222;220;253;48;2;140;133;252m▃[38;2;234;232;253;48;2;153;147;252m▆[38;2;182;177;252;48;2;242;240;253m▗[38;2;184;179;252;48;2;135;128;252m▘[38;2;195;191;252m▕[38;2;215;212;253;48;2;242;240;253m▕[38;2;181;177;252;48;2;136;129;252m▏[0m[38;2;135;128;252m██[38;2;129;128;253;48;2;134;128;252m▝[38;2;132;128;252;48;2;128;128;254m▖[0m[38;2;128;128;255m██████[38;2;79;79;158;48;2;121;121;241m▕[0m[38;2;75;75;150m▖[0m [0m
 [7m[38;2;116;116;233m▘[0m[38;2;128;128;255m██████[38;2;133;128;252;48;2;128;128;254m▗[38;2;132;128;252;48;2;135;128;252m▘[0m[38;2;135;128;252m█[38;2;215;211;253;48;2;136;129;252m▝[38;2;139;132;252;48;2;202;198;253m▂[38;2;135;128;252;48;2;209;205;253m▀[38;2;238;236;253;48;2;135;128;252m▃[38;2;242;240;253;48;2;139;133;252m▂[38;2;218;215;253;48;2;131;128;253m▂[38;2;218;216;253;48;2;128;128;254m▁[38;2;133;133;254;48;2;195;193;253m▋[38;2;152;150;253;48;2;243;241;254m▂[38;2;238;236;253;48;2;140;139;254m▘[38;2;133;128;252;48;2;127;128;254m▁[38;2;234;232;253;48;2;135;134;253m▗[38;2;203;200;253;48;2;242;240;253m▘[0m[38;2;243;241;254m█[38;2;191;188;253;48;2;243;241;254m▗[48;2;128;128;254m▘[38;2;128;128;254;48;2;133;128;252m▅[38;2;134;129;252;48;2;223;220;253m▋[0m[38;2;243;241;254m█[38;2;234;232;253;48;2;147;140;252m▍[0m[38;2;135;128;252m███[38;2;133;128;252;48;2;134;128;252m▔[48;2;128;128;254m▖[0m[38;2;128;128;255m██████[7m[38;2;124;124;248m▝[0m [0m
[7m[38;2;94;94;189m▋[0m[38;2;128;128;255m██████[38;2;130;128;253;48;2;128;128;254m▗[38;2;132;128;252;48;2;134;128;252m▏[0m[38;2;135;128;252m██[38;2;243;241;254;48;2;171;166;252m▗[38;2;241;239;253;48;2;154;147;252m▆[38;2;192;188;253;48;2;135;128;252m▎[38;2;192;190;253;48;2;240;237;253m▖[0m[38;2;243;241;254m█[38;2;170;168;253;48;2;240;238;253m▁[38;2;149;145;252;48;2;241;238;253m▃[38;2;228;225;253;48;2;136;129;252m▀[38;2;175;170;252;48;2;217;215;253m▋[38;2;243;241;254;48;2;154;149;252m▖[38;2;128;128;254;48;2;135;128;252m▃[38;2;185;180;249;48;2;131;127;253m▝[38;2;239;237;253;48;2;145;141;251m▀[38;2;235;233;252;48;2;150;144;250m▀[38;2;177;173;252;48;2;141;136;252m▘[38;2;215;212;253;48;2;128;128;254m▁[38;2;227;225;253m▁[38;2;130;129;254;48;2;224;222;253m▘[0m[38;2;243;241;254m█[38;2;239;236;253;48;2;168;163;252m▊[0m[38;2;135;128;252m████[38;2;133;128;252;48;2;134;128;252m▕[38;2;132;128;252;48;2;128;128;254m▖[0m[38;2;128;128;255m██████[7m[38;2;101;101;203m▐[0m
[7m[38;2;124;124;247m▍[0m[38;2;128;128;255m██████[38;2;128;128;254;48;2;134;128;252m▍[0m[38;2;135;128;252m███[38;2;148;142;252;48;2;213;210;253m▍[38;2;238;236;253;48;2;243;241;254m▁[38;2;243;241;254;48;2;130;129;253m▎[38;2;141;140;254;48;2;129;129;254m▕[38;2;208;206;253;48;2;140;140;254m▂[38;2;240;237;253;48;2;141;139;254m▃[38;2;241;238;253;48;2;148;141;252m▅[38;2;175;170;252;48;2;240;238;253m▔[38;2;159;154;252;48;2;234;231;253m▂[38;2;197;194;253;48;2;132;128;252m▘[38;2;197;195;253;48;2;134;130;253m▕[38;2;165;163;253;48;2;238;236;253m▔[0m[38;2;243;241;254m██[38;2;198;196;253;48;2;241;239;253m▁[38;2;235;233;253;48;2;151;146;252m▀[38;2;134;129;252;48;2;213;210;253m▆[38;2;227;224;253;48;2;243;241;254m▏[0m[38;2;243;241;254m█[38;2;240;238;253;48;2;243;241;254m▔[38;2;211;208;253;48;2;135;128;252m▏[0m[38;2;135;128;252m████[38;2;134;128;252;48;2;129;128;253m▋[0m[38;2;128;128;255m██████[38;2;124;124;248m▊[0m
[7m[38;2;120;120;240m▏[0m[38;2;128;128;255m█████[38;2;127;128;255;48;2;128;128;255m▁[48;2;134;128;252m▏[0m[38;2;135;128;252m████[38;2;134;128;252;48;2;195;191;252m▆[38;2;132;132;254;48;2;216;214;253m▅[38;2;225;223;253;48;2;128;128;254m▀[38;2;239;237;253;48;2;129;127;253m▀[38;2;230;228;252;48;2;134;127;251m▀[38;2;129;127;253;48;2;226;224;253m▅[38;2;207;204;253;48;2;132;131;254m▔[38;2;132;128;252;48;2;135;128;252m▘[38;2;130;128;253;48;2;133;128;252m▅[38;2;141;135;252;48;2;132;128;252m▕[38;2;141;134;251;48;2;231;228;253m▅[38;2;238;236;253;48;2;130;128;253m▀[38;2;137;130;252;48;2;226;223;253m▅[38;2;164;162;254;48;2;129;128;254m▔[38;2;128;128;254;48;2;134;128;252m▊[0m[38;2;135;128;252m█[38;2;134;131;253;48;2;212;209;253m▅[38;2;239;237;253;48;2;128;128;254m▀[38;2;134;134;254;48;2;224;222;253m▅[38;2;138;131;252;48;2;133;128;252m▔[0m[38;2;135;128;252m████[38;2;133;128;252;48;2;135;128;252m▕[0m[38;2;128;128;255m██████[38;2;65;65;130;48;2;127;127;254m▕[0m
[7m[38;2;120;120;240m▏[0m[38;2;128;128;255m█████[38;2;127;128;255;48;2;128;128;255m▕[48;2;134;128;252m▏[0m[38;2;135;128;252m████[38;2;130;128;253;48;2;134;128;252m▕[38;2;205;203;253;48;2;130;130;254m▂[38;2;128;128;254;48;2;216;213;253m▀[38;2;183;182;253;48;2;153;151;253m▖[38;2;192;188;248;48;2;134;127;251m▅[38;2;142;140;252;48;2;241;239;253m▀[38;2;130;128;253;48;2;233;231;253m▀[38;2;228;225;251;48;2;139;133;250m▂[38;2;141;135;249;48;2;130;127;253m▁[38;2;128;128;254;48;2;134;128;252m▃▃[38;2;166;161;252;48;2;132;129;253m▁[38;2;219;217;253;48;2;141;134;252m▃[38;2;139;136;253;48;2;230;227;253m▀[38;2;234;232;253;48;2;129;128;254m▅[48;2;135;128;252m▅[38;2;140;137;253;48;2;243;241;254m▀[38;2;129;129;254;48;2;239;236;253m▀[38;2;239;237;253;48;2;132;132;254m▃[38;2;205;202;253;48;2;135;129;252m▂[0m[38;2;135;128;252m████[38;2;133;128;252;48;2;135;128;252m▕[0m[38;2;128;128;255m██████[38;2;67;67;135;48;2;127;127;254m▕[0m
[7m[38;2;124;124;247m▍[0m[38;2;128;128;255m██████[38;2;128;128;254;48;2;134;128;252m▍[0m[38;2;135;128;252m███[38;2;164;158;252;48;2;136;129;252m▕[38;2;148;142;252;48;2;230;227;253m▘[38;2;242;240;253;48;2;243;241;254m▔[38;2;132;131;254;48;2;226;223;253m▝[38;2;145;144;254;48;2;128;128;254m▁[38;2;134;127;251;48;2;130;128;253m▝[38;2;214;210;250;48;2;139;133;250m▝[38;2;177;172;248;48;2;240;238;253m▖[0m[38;2;243;241;254m█[38;2;226;223;251;48;2;148;143;250m▊[38;2;128;128;254;48;2;134;128;252m▃▃[38;2;226;223;253;48;2;136;133;253m▝[38;2;131;130;254;48;2;214;212;253m▝[38;2;232;230;252;48;2;130;129;254m▃[38;2;239;237;252;48;2;156;151;251m▁[38;2;144;141;253;48;2;239;237;253m▆[38;2;234;232;253;48;2;130;129;254m▀[38;2;138;138;254;48;2;240;238;253m▃[38;2;162;158;252;48;2;243;241;254m▂[38;2;147;141;252;48;2;240;237;253m▁[38;2;192;188;252;48;2;135;128;252m▏[0m[38;2;135;128;252m███[38;2;134;128;252;48;2;128;128;254m▊[0m[38;2;128;128;255m██████[38;2;125;125;249m▊[0m
[7m[38;2;97;97;194m▋[0m[38;2;128;128;255m██████[38;2;131;128;253;48;2;128;128;254m▝[38;2;132;128;252;48;2;134;128;252m▏[0m[38;2;135;128;252m██[38;2;231;228;253;48;2;137;130;252m▐[0m[38;2;243;241;254m██[38;2;204;200;252;48;2;241;239;253m▁[38;2;207;205;253;48;2;132;132;254m▍[0m[38;2;128;128;255m█[38;2;132;128;252;48;2;128;128;254m▝[38;2;187;184;253;48;2;136;131;252m▁[38;2;219;216;250;48;2;163;158;249m▃[38;2;227;224;250;48;2;143;139;251m▃[38;2;147;144;251;48;2;132;128;252m▏[38;2;134;128;252;48;2;127;128;254m▅[38;2;128;128;255;48;2;133;128;252m▔[38;2;186;182;249;48;2;136;130;251m▁[38;2;142;138;252;48;2;231;229;252m▆[38;2;144;143;254;48;2;236;234;253m▃[38;2;199;197;253;48;2;241;239;253m▁[38;2;146;144;253;48;2;240;237;253m▔[38;2;236;234;253;48;2;130;129;254m▆[38;2;143;137;252;48;2;234;232;253m▀[38;2;164;158;252;48;2;136;129;252m▏[0m[38;2;135;128;252m███[48;2;134;128;252m▔[38;2;132;128;252;48;2;128;128;254m▘[0m[38;2;128;128;255m██████[7m[38;2;102;102;204m▐[0m
 [7m[38;2;118;118;236m▖[0m[38;2;128;128;255m██████[38;2;133;128;252;48;2;128;128;254m▝[38;2;132;128;252;48;2;134;128;252m▁[0m[38;2;135;128;252m█[38;2;237;235;253;48;2;138;131;252m▐[38;2;153;147;252;48;2;238;236;253m▗[38;2;139;132;252;48;2;221;218;253m▅[38;2;164;159;252;48;2;135;128;252m▔[38;2;202;199;253;48;2;133;129;252m▂[38;2;133;133;254;48;2;229;227;253m▀[38;2;238;236;253;48;2;150;148;253m▆[38;2;137;136;254;48;2;224;222;253m▗[38;2;187;185;253;48;2;143;142;254m▗[38;2;169;167;252;48;2;242;240;253m▘[38;2;240;238;253;48;2;132;131;253m▎[38;2;135;128;252;48;2;128;128;254m▔[38;2;186;182;252;48;2;237;235;253m▘[38;2;242;240;253;48;2;243;241;254m▔[38;2;201;198;253;48;2;242;240;253m▔[38;2;233;230;253;48;2;140;139;254m▆[38;2;150;149;253;48;2;217;214;250m▀[38;2;134;127;251;48;2;217;214;252m▁[38;2;145;138;252;48;2;242;240;253m▂[38;2;150;143;252;48;2;239;237;253m▃[38;2;173;168;252;48;2;135;128;252m▎[0m[38;2;135;128;252m██[48;2;134;128;252m▔[38;2;134;128;252;48;2;128;128;254m▘[0m[38;2;128;128;255m██████[7m[38;2;125;125;249m▗[0m [0m
  [7m[38;2;127;127;253m▖[0m[38;2;128;128;255m██████[38;2;131;128;253;48;2;128;128;254m▝[38;2;129;128;254;48;2;134;128;252m▖[38;2;184;180;252;48;2;135;128;252m▝[38;2;177;172;252;48;2;236;234;253m▞[38;2;235;232;253;48;2;139;132;252m▅[38;2;163;157;252;48;2;237;235;253m▔[0m[38;2;243;241;254m█[38;2;199;195;253;48;2;242;240;253m▗[38;2;230;228;253;48;2;147;141;252m▘[38;2;207;203;253;48;2;135;130;252m▗[38;2;205;203;253;48;2;240;238;253m▔[0m[38;2;243;241;254m█[38;2;238;236;253;48;2;131;128;253m▍[38;2;135;128;252;48;2;128;128;254m▃[38;2;241;239;253;48;2;151;147;252m▝[38;2;152;150;253;48;2;205;201;253m▝[38;2;243;241;254;48;2;141;137;252m▂[38;2;232;230;253;48;2;134;128;252m▃[38;2;243;241;254;48;2;137;130;251m▃[48;2;144;138;252m▃[38;2;135;128;252;48;2;238;236;253m▀[38;2;139;132;252;48;2;242;240;253m▀[48;2;241;239;253m▀[38;2;176;171;252;48;2;135;128;252m▏[38;2;130;128;253;48;2;134;128;252m▗[38;2;132;128;252;48;2;128;128;254m▘[0m[38;2;128;128;255m██████[38;2;89;89;178;48;2;127;127;254m▗[0m[38;2;79;79;158m▘[0m [0m
   [7m[38;2;126;126;251m▖[0m[38;2;128;128;255m██████[38;2;127;128;254;48;2;128;128;255m▔[38;2;128;128;254;48;2;132;128;252m▅[38;2;173;168;252;48;2;134;129;252m▔[38;2;139;132;252;48;2;233;230;253m▅[38;2;234;232;253;48;2;135;128;252m▀[38;2;137;130;252;48;2;230;228;253m▅[38;2;165;159;252;48;2;135;128;252m▔[0m[38;2;135;128;252m█[38;2;168;163;252;48;2;138;131;252m▔[38;2;144;138;252;48;2;241;239;253m▅[38;2;141;135;252;48;2;235;233;253m▅[38;2;156;150;252;48;2;136;129;252m▔[0m[38;2;135;128;252m██[38;2;137;130;252;48;2;135;128;252m▔[38;2;230;227;253;48;2;140;134;252m▔[38;2;135;128;252;48;2;228;225;253m▅[38;2;143;137;252;48;2;242;240;253m▅[38;2;234;232;253;48;2;135;128;252m▀▀[38;2;145;138;252;48;2;242;240;253m▅[38;2;140;135;252;48;2;234;232;253m▆[38;2;139;132;252;48;2;129;128;254m▔[38;2;128;128;255;48;2;128;128;254m▁[0m[38;2;128;128;255m██████[38;2;70;70;141;48;2;127;127;254m▗[0m[38;2;85;85;171m▘[0m  [0m
    [7m[38;2;100;100;200m▖[0m[38;2;123;123;246;48;2;127;127;254m▏[0m[38;2;128;128;255m██████[38;2;127;128;255;48;2;128;128;255m▔[38;2;128;128;254;48;2;131;128;253m▆[38;2;134;128;252;48;2;128;128;254m▀[38;2;128;128;254;48;2;134;128;252m▂[38;2;131;128;252;48;2;135;128;252m▁[0m[38;2;135;128;252m██████████[38;2;132;128;252;48;2;135;128;252m▁[38;2;128;128;254;48;2;134;128;252m▂[38;2;134;128;252;48;2;128;128;254m▀[38;2;128;128;254;48;2;132;128;252m▆[48;2;128;128;255m▔[0m[38;2;128;128;255m██████[38;2;126;126;252;48;2;128;128;255m▁[0m[7m[38;2;110;110;220m▗[0m    [0m
     [38;2;90;90;181m▝[7m[38;2;123;123;246m▃[0m[38;2;126;126;253;48;2;128;128;255m▁[0m[38;2;128;128;255m████████[38;2;128;128;254;48;2;127;128;255m▔[38;2;134;128;252;48;2;128;128;254m▔[38;2;128;128;254;48;2;134;128;252m▆▅[38;2;134;128;252;48;2;128;128;255m▀▀▀▀[38;2;128;128;254;48;2;134;128;252m▅▆[38;2;134;128;252;48;2;128;128;254m▔[38;2;128;128;255m▁[0m[38;2;128;128;255m████████[38;2;127;127;254;48;2;128;128;255m▁[0m[7m[38;2;121;121;242m▗[0m[38;2;105;105;211m▘[0m     [0m
       [7m[38;2;91;91;183m▆[38;2;119;119;238m▃[0m[38;2;93;93;186;48;2;127;127;254m▁[0m[38;2;128;128;255m████████████████████████[38;2;108;108;216;48;2;128;128;255m▁[0m[7m[38;2;123;123;246m▃[38;2;86;86;173m▅[0m       [0m
          [7m[38;2;108;108;216m▅[38;2;121;121;242m▃[38;2;124;124;247m▁[0m[38;2;127;127;254;48;2;128;128;255m▁[0m[38;2;128;128;255m████████████████[38;2;127;127;254;48;2;128;128;255m▁[0m[7m[38;2;125;125;249m▁[38;2;124;124;247m▃[38;2;115;115;229m▅[0m          [0m
             [38;2;101;101;202m▔[7m[38;2;108;108;215m▅[0m[38;2;122;122;243m▀[7m[38;2;124;124;249m▃[38;2;125;125;250m▂[38;2;122;122;245m▁[38;2;127;127;254m▁[0m[38;2;72;72;144;48;2;128;128;255m▁[38;2;91;91;182m▁[38;2;94;94;187m▁[38;2;72;72;144m▁[0m[7m[38;2;127;127;254m▁[38;2;124;124;248m▁[38;2;126;126;251m▂▃[0m[38;2;123;123;246m▀[7m[38;2;113;113;227m▅[0m[38;2;113;113;227m▔[0m             [0m
